    13    13     1
    0.330295  1.21245e-16 -7.83347e-16 -1.88579e-25 -1.88579e-25 -7.35601e-15  1.22766e-17 -1.88579e-25 -1.88579e-25 -1.74969e-25 -1.30699e-14 -1.88579e-25 -1.88579e-25
 1.21245e-16     0.330253 -5.31217e-05  1.21245e-16  1.21245e-16 -6.71327e-05  3.67654e-06  1.21245e-16  1.21245e-16  6.72034e-17  1.24556e-05  1.21245e-16  1.21245e-16
-7.83347e-16 -5.31217e-05     0.329656 -7.83347e-16 -7.83347e-16 -0.000245516   1.3532e-05 -7.83347e-16 -7.83347e-16   2.1689e-15   7.9063e-05 -7.83347e-16 -7.83347e-16
-1.88579e-25  1.21245e-16 -7.83347e-16     0.330295 -1.88579e-25 -7.35601e-15  1.22766e-17 -1.88579e-25 -1.88579e-25 -1.74969e-25 -1.30699e-14 -1.88579e-25 -1.88579e-25
-1.88579e-25  1.21245e-16 -7.83347e-16 -1.88579e-25     0.330295 -7.35601e-15  1.22766e-17 -1.88579e-25 -1.88579e-25 -1.74969e-25 -1.30699e-14 -1.88579e-25 -1.88579e-25
-7.35601e-15 -6.71327e-05 -0.000245516 -7.35601e-15 -7.35601e-15     0.329332   9.8092e-06 -7.35601e-15 -7.35601e-15  -1.1598e-14   0.00134386 -7.35601e-15 -7.35601e-15
 1.22766e-17  3.67654e-06   1.3532e-05  1.22766e-17  1.22766e-17   9.8092e-06     0.330295  1.22766e-17  1.22766e-17 -4.34427e-17 -2.19656e-06  1.22766e-17  1.22766e-17
-1.88579e-25  1.21245e-16 -7.83347e-16 -1.88579e-25 -1.88579e-25 -7.35601e-15  1.22766e-17     0.330295 -1.88579e-25 -1.74969e-25 -1.30699e-14 -1.88579e-25 -1.88579e-25
-1.88579e-25  1.21245e-16 -7.83347e-16 -1.88579e-25 -1.88579e-25 -7.35601e-15  1.22766e-17 -1.88579e-25     0.330295 -1.74969e-25 -1.30699e-14 -1.88579e-25 -1.88579e-25
-1.74969e-25  6.72034e-17   2.1689e-15 -1.74969e-25 -1.74969e-25  -1.1598e-14 -4.34427e-17 -1.74969e-25 -1.74969e-25     0.330295   9.8374e-15 -1.74969e-25 -1.74969e-25
-1.30699e-14  1.24556e-05   7.9063e-05 -1.30699e-14 -1.30699e-14   0.00134386 -2.19656e-06 -1.30699e-14 -1.30699e-14   9.8374e-15  0.000224131 -1.30699e-14 -1.30699e-14
-1.88579e-25  1.21245e-16 -7.83347e-16 -1.88579e-25 -1.88579e-25 -7.35601e-15  1.22766e-17 -1.88579e-25 -1.88579e-25 -1.74969e-25 -1.30699e-14     0.330295 -1.88579e-25
-1.88579e-25  1.21245e-16 -7.83347e-16 -1.88579e-25 -1.88579e-25 -7.35601e-15  1.22766e-17 -1.88579e-25 -1.88579e-25 -1.74969e-25 -1.30699e-14 -1.88579e-25     0.330295
* row and column names
alpha
awc
canmx
cn2
cn3_swf
epco
esco
latq_co
lat_len
perco
petco
revap_co
surlag
