    13    13     1
    0.330295  2.69213e-16  1.95091e-16 -1.92084e-25 -1.92084e-25 -6.32291e-15 -1.48355e-17 -1.92084e-25 -1.92084e-25 -1.75259e-25 -1.01344e-14 -1.92084e-25 -1.92084e-25
 2.69213e-16     0.330254 -5.70624e-05  2.69213e-16  2.69213e-16  -5.6233e-05   3.7568e-06  2.69213e-16  2.69213e-16  3.35683e-16  1.38701e-05  2.69213e-16  2.69213e-16
 1.95091e-16 -5.70624e-05     0.329536  1.95091e-16  1.95091e-16 -0.000198153  1.56991e-05  1.95091e-16  1.95091e-16  4.43094e-15  0.000101024  1.95091e-16  1.95091e-16
-1.92084e-25  2.69213e-16  1.95091e-16     0.330295 -1.92084e-25 -6.32291e-15 -1.48355e-17 -1.92084e-25 -1.92084e-25 -1.75259e-25 -1.01344e-14 -1.92084e-25 -1.92084e-25
-1.92084e-25  2.69213e-16  1.95091e-16 -1.92084e-25     0.330295 -6.32291e-15 -1.48355e-17 -1.92084e-25 -1.92084e-25 -1.75259e-25 -1.01344e-14 -1.92084e-25 -1.92084e-25
-6.32291e-15  -5.6233e-05 -0.000198153 -6.32291e-15 -6.32291e-15     0.329354  8.41677e-06 -6.32291e-15 -6.32291e-15 -1.03609e-14   0.00155051 -6.32291e-15 -6.32291e-15
-1.48355e-17   3.7568e-06  1.56991e-05 -1.48355e-17 -1.48355e-17  8.41677e-06     0.330295 -1.48355e-17 -1.48355e-17 -1.00416e-16 -2.63762e-06 -1.48355e-17 -1.48355e-17
-1.92084e-25  2.69213e-16  1.95091e-16 -1.92084e-25 -1.92084e-25 -6.32291e-15 -1.48355e-17     0.330295 -1.92084e-25 -1.75259e-25 -1.01344e-14 -1.92084e-25 -1.92084e-25
-1.92084e-25  2.69213e-16  1.95091e-16 -1.92084e-25 -1.92084e-25 -6.32291e-15 -1.48355e-17 -1.92084e-25     0.330295 -1.75259e-25 -1.01344e-14 -1.92084e-25 -1.92084e-25
-1.75259e-25  3.35683e-16  4.43094e-15 -1.75259e-25 -1.75259e-25 -1.03609e-14 -1.00416e-16 -1.75259e-25 -1.75259e-25     0.330295  1.40218e-14 -1.75259e-25 -1.75259e-25
-1.01344e-14  1.38701e-05  0.000101024 -1.01344e-14 -1.01344e-14   0.00155051 -2.63762e-06 -1.01344e-14 -1.01344e-14  1.40218e-14  0.000241531 -1.01344e-14 -1.01344e-14
-1.92084e-25  2.69213e-16  1.95091e-16 -1.92084e-25 -1.92084e-25 -6.32291e-15 -1.48355e-17 -1.92084e-25 -1.92084e-25 -1.75259e-25 -1.01344e-14     0.330295 -1.92084e-25
-1.92084e-25  2.69213e-16  1.95091e-16 -1.92084e-25 -1.92084e-25 -6.32291e-15 -1.48355e-17 -1.92084e-25 -1.92084e-25 -1.75259e-25 -1.01344e-14 -1.92084e-25     0.330295
* row and column names
alpha
awc
canmx
cn2
cn3_swf
epco
esco
latq_co
lat_len
perco
petco
revap_co
surlag
