    13    13     1
    0.330295  1.34744e-14  5.27742e-15 -3.89005e-25 -3.89005e-25   1.4162e-14  1.37172e-14 -3.89005e-25 -3.89005e-25  3.93509e-25 -5.56442e-15 -3.89005e-25 -3.89005e-25
 1.34744e-14     0.329584 -0.000163437  1.34744e-14  1.34744e-14 -0.000733609 -0.000726974  1.34744e-14  1.34744e-14  -2.2113e-14   0.00106407  1.34744e-14  1.34744e-14
 5.27742e-15 -0.000163437      0.32968  5.27742e-15  5.27742e-15  -0.00023436 -0.000158462  5.27742e-15  5.27742e-15 -1.93757e-15  2.17497e-05  5.27742e-15  5.27742e-15
-3.89005e-25  1.34744e-14  5.27742e-15     0.330295 -3.89005e-25   1.4162e-14  1.37172e-14 -3.89005e-25 -3.89005e-25  3.93509e-25 -5.56442e-15 -3.89005e-25 -3.89005e-25
-3.89005e-25  1.34744e-14  5.27742e-15 -3.89005e-25     0.330295   1.4162e-14  1.37172e-14 -3.89005e-25 -3.89005e-25  3.93509e-25 -5.56442e-15 -3.89005e-25 -3.89005e-25
  1.4162e-14 -0.000733609  -0.00023436   1.4162e-14   1.4162e-14     0.329519 -0.000744184   1.4162e-14   1.4162e-14 -2.20751e-14   0.00105893   1.4162e-14   1.4162e-14
 1.37172e-14 -0.000726974 -0.000158462  1.37172e-14  1.37172e-14 -0.000744184     0.329551  1.37172e-14  1.37172e-14 -2.27475e-14   0.00109641  1.37172e-14  1.37172e-14
-3.89005e-25  1.34744e-14  5.27742e-15 -3.89005e-25 -3.89005e-25   1.4162e-14  1.37172e-14     0.330295 -3.89005e-25  3.93509e-25 -5.56442e-15 -3.89005e-25 -3.89005e-25
-3.89005e-25  1.34744e-14  5.27742e-15 -3.89005e-25 -3.89005e-25   1.4162e-14  1.37172e-14 -3.89005e-25     0.330295  3.93509e-25 -5.56442e-15 -3.89005e-25 -3.89005e-25
 3.93509e-25  -2.2113e-14 -1.93757e-15  3.93509e-25  3.93509e-25 -2.20751e-14 -2.27475e-14  3.93509e-25  3.93509e-25     0.330295  5.03359e-15  3.93509e-25  3.93509e-25
-5.56442e-15   0.00106407  2.17497e-05 -5.56442e-15 -5.56442e-15   0.00105893   0.00109641 -5.56442e-15 -5.56442e-15  5.03359e-15  8.54176e-05 -5.56442e-15 -5.56442e-15
-3.89005e-25  1.34744e-14  5.27742e-15 -3.89005e-25 -3.89005e-25   1.4162e-14  1.37172e-14 -3.89005e-25 -3.89005e-25  3.93509e-25 -5.56442e-15     0.330295 -3.89005e-25
-3.89005e-25  1.34744e-14  5.27742e-15 -3.89005e-25 -3.89005e-25   1.4162e-14  1.37172e-14 -3.89005e-25 -3.89005e-25  3.93509e-25 -5.56442e-15 -3.89005e-25     0.330295
* row and column names
alpha
awc
canmx
cn2
cn3_swf
epco
esco
latq_co
lat_len
perco
petco
revap_co
surlag
